0.0 0.0 0.0 0.0 
27.0564847754 9.232076252 6.39790776423 8.65793614665 
6.32188113432 2.45496606504 0.0844449028112 2.55925793343 
3.26737198182 0.0 1.88895913856 2.66179172206 
0.0 0.0 0.0 0.0 
0.0 0.0 0.0 0.0 
0.0 0.0 0.0 0.0 
0.0 0.0 0.0 0.0 
0.0 0.0 0.0 0.0 
0.0 0.0 0.0 0.0 
0.0 0.767805906331 1.01450101795 0.775054628376 
0.616690480703 0.0 0.700018330758 0.62381100826 
0.0 0.0 0.0 0.0 
0.0 0.0 0.0 0.0 
0.0 0.0 0.0 0.0 
0.0 0.0 0.0 0.0 
0.0 0.0 0.0 0.0 
0.0 0.0 0.0 0.0 
0.0 0.00198406502693 0.0512704528816 0.0 
1.63240673737e-05 5.11716863797e-05 0.0 0.0 
5.11716863797e-05 0.0 0.0138100896191 0.0 
0.0 0.000526868646643 0.0 0.0 
0.0 0.0 0.00323917989791 0.0 
0.0 0.0 0.0 0.0 
0.0 0.0 0.0 0.0 
0.0 0.0 0.0 0.0 
0.0 0.0 0.0 0.0 
0.0 0.0 0.0 0.0 
0.0 0.0 0.0 0.0 
0.0 0.0 0.0 0.0 
0.0 0.0 0.0 0.0 
20.3214952664 27.7638125367 15.1402356072 22.442922123 
2.93313831535 9.89427917586 0.0 3.26032025059 
0.771001277011 2.40052859402 0.0 0.774449037023 
0.355809337176 0.722818525887 0.0 0.356355495132 
0.421157742616 0.396333754875 0.599066350968 0.407011017256 
0.0 0.312921109211 0.0 0.256361457546 
0.0 0.0 0.0 0.0 
0.0 0.0 0.0 0.0 
0.0 0.0 0.0 0.0 
0.0 0.0 0.0 0.0 
0.0 0.0 0.0 0.0879255754903 
0.0 0.0 0.0 0.0 
0.0 0.0 0.0 0.0 
0.0 0.0 0.0 0.0 
0.0 0.0 0.0 0.0 
0.0 0.0 0.0 0.0 
0.0 0.0 0.0 0.0 
0.0 0.0 0.0 0.0 
0.0 0.0 0.0 0.0 
0.0 0.0 0.0 0.0 
0.0 0.0 0.0 0.0 
0.0 0.0 0.0 0.0 
0.0 0.0 0.0 0.0 
0.0 0.0 0.0 0.0 
0.0 0.0 0.0 0.0 
0.0 0.0 0.0 0.0 
0.0 0.0 0.0 0.0 
0.0 0.0 0.0 0.0 
0.0 0.0 0.0 0.0 
0.0 0.0 0.0 0.0 
15.7960688944 16.3229621687 34.0471553121 17.4643597774 
8.68809792026 3.14672525824 14.2390895715 10.1552630617 
1.92818194037 1.87419131677 4.31851874819 2.16544313177 
0.759127962179 1.34239202047 1.84791958536 1.33959060007 
0.734115622159 0.719391076129 0.721511560262 0.723083155421 
0.758752814432 0.612449884104 0.611175213106 0.59786473225 
0.469450961492 0.445641561112 0.417547611294 0.388671701214 
0.224034955415 0.258747030565 0.252300207356 0.252340760227 
0.00795279593609 0.00639294367047 0.148526730758 0.122623914479 
0.13474530215 0.0 0.049277803836 0.159201747568 
0.138720440298 0.0 0.136283438686 0.127705697809 
0.0637188737658 0.0 0.0710814014764 0.0714519352619 
0.0421536144492 0.0 0.0503752362202 0.0455692286917 
0.0351787290955 0.0 0.0233742940995 0.0235635157555 
0.0157286141449 0.0 0.0190462637265 0.0157507338766 
0.0101734523073 0.0 0.0109684303496 0.00987234145016 
0.00572321929702 0.0 0.00668582294455 0.00592222649008 
0.0022564411287 0.0 0.00308296072977 0.0024940060548 
0.000453844512362 0.0 0.000916912089746 0.000427387318903 
3.27561028698e-05 0.0 0.00013041359714 2.23910112009e-05 
2.63713783306e-05 0.0 1.34884941833e-05 1.02978532301e-05 
3.82814216812e-06 0.0 1.38589130122e-06 7.42899761028e-07 
9.8915536268e-07 0.0 1.32217573629e-07 0.0 
2.69261056679e-08 0.0 1.32217573629e-07 0.0 
0.0 0.0 2.69261056679e-08 0.0 
0.0 0.0 4.94976904218e-09 0.0 
0.0 0.0 0.0 0.0 
0.0 0.0 0.0 0.0 
0.0 0.0 0.0 0.0 
0.0 0.0 0.0 0.0 
88.302902225 78.6198497352 91.3678722475 93.6792247995 
61.0507540992 73.0081419047 75.6574070265 78.677297144 
52.9543816031 56.8083941835 59.4919978414 63.2894934653 
52.1477525773 45.0309295034 50.4763627986 53.3871318405 
39.2015148797 37.8463296358 44.4539159285 45.7913262787 
32.6380060584 31.5081770323 34.8304658426 37.6413202704 
0.0 24.611741464 29.1255675579 30.8103023309 
21.6878592332 21.7041295761 23.8304779945 25.0168225355 
16.5671126351 20.9675827825 21.3615077394 21.6481572194 
15.6165044159 17.0663104482 16.6057138447 17.5830516171 
11.975771475 11.5148724634 13.7292819582 14.4572723121 
0.0 10.1285896822 11.514137752 12.0967915626 
0.0 7.48333423277 8.70395541437 9.41108995876 
0.0 6.6176183361 5.01194621356 7.08704417871 
0.0 3.31630783645 3.31630783645 4.11548700763 
0.0 0.871220052473 0.263514171974 1.69862666917 
0.0 0.102438150904 0.0093060853051 0.100273376612 
0.0 0.0 0.00181091899459 0.0021117053049 
0.0 0.004601022612 0.000249784470274 0.000160287149515 
0.0 0.000109406682825 0.0 1.34839610174e-05 
0.0 0.0 0.0 0.0 
0.0 0.0 0.0 0.0 
0.0 0.0 0.0 0.0 
0.0 0.0 0.0 0.0 
0.0 0.0 0.0 0.0 
0.0 0.0 0.0 0.0 
0.0 0.0 0.0 0.0 
0.0 0.0 0.0 0.0 
0.0 0.0 0.0 0.0 
0.0 0.0 0.0 0.0 
0.0 0.0 0.0 0.0 
4.80330160973 3.12350268229 2.54119125146 2.25228848646 
3.30713934108 2.37420089452 2.50459564711 2.48183430995 
1.78497169573 1.73747811527 1.89260511115 1.79594749125 
1.24682048118 1.21692591645 1.59448789109 1.16239762007 
0.805599771159 0.807261805823 0.935250816014 0.810303744522 
0.672696846675 0.672261713182 0.710829869558 0.678105903344 
0.463339860773 0.393503895323 0.423614007961 0.416953587833 
0.258207569521 0.242205332471 0.287065255316 0.263102429081 
0.172210900874 0.131732308362 0.149412142293 0.149175349118 
0.052285464817 0.0306879107938 0.0547626050208 0.0308634275273 
0.0187682539289 0.0106354278443 0.0179694287793 0.0106975563903 
0.00694094313433 0.0059766507699 0.00881800911015 0.00679965425369 
0.00308148436369 0.00152744767612 0.00200062721812 0.00177879425012 
0.000575230622488 0.0 0.000577591818026 0.0 
0.0 0.0 0.0 0.0 
0.0 0.0 0.0 0.0 
0.0 0.0 0.0 0.0 
0.0 0.0 0.0 0.0 
0.0 0.0 0.0 0.0 
0.0 0.0 0.0 0.0 
0.0 0.0 0.0 0.0 
0.0 0.0 0.0 0.0 
0.0 0.0 0.0 0.0 
0.0 0.0 0.0 0.0 
0.0 0.0 0.0 0.0 
0.0 0.0 0.0 0.0 
0.0 0.0 0.0 0.0 
0.0 0.0 0.0 0.0 
0.0 0.0 0.0 0.0 
0.0 0.0 0.0 0.0 
36.553077891 25.6461321797 25.1844013007 25.363089226 
33.4672660479 24.9739442602 23.9032422898 24.8873595942 
24.0520723397 19.3710255051 21.5027872416 22.5478535344 
13.4208426213 11.5877633587 12.2762918056 18.5447979901 
8.38982120403 7.27638902454 8.4204589628 10.7146100613 
5.98420556026 5.2006999083 5.21131412097 5.2810274376 
4.96089790089 4.7005224309 6.30012952081 6.07928521675 
7.66481705255 3.84782769844 3.79853502459 3.87348465296 
7.20128116684 3.71657051913 2.25507533179 4.05226292182 
1.77585211024 1.22068606646 1.6212089477 2.72007024 
0.916723429469 0.70872815242 0.668467025577 0.713972619601 
0.484657768318 0.472753539872 0.487033640154 0.53522805305 
0.397332009606 0.409823000162 0.420374945431 0.416577577487 
0.292084724282 0.302841041965 0.311059668418 0.29419317314 
0.200511429361 0.193203275146 0.215774895667 0.198805887371 
0.153398479347 0.157894018254 0.16030076954 0.15473175309 
0.109675951739 0.102720365 0.0996576943802 0.100078593581 
0.0710785511305 0.0652938212344 0.0643547882512 0.0643546645191 
0.070213770644 0.0422247102414 0.0529105414941 0.0770780351436 
0.0353518408049 0.0446071181182 0.0327678030626 0.0509985794695 
0.016277552434 0.0093238945295 0.0092178195361 0.00941200579918 
0.0092753789732 0.00844340306883 0.00425466716229 0.0102680685483 
0.00557415605259 0.00479241344958 0.000372008355351 0.00709821087815 
0.00153727746105 0.000411660272954 0.000456782493792 0.000411799280089 
0.000636870663666 0.0 0.0 0.000693312268479 
0.0 0.0 0.0 0.0 
0.0 0.0 0.0 0.0 
0.0 0.0 0.0 0.0 
0.0 0.0 0.0 0.0 
0.0 0.0 0.0 0.0 
6.0145907243 10.913932538 6.12045781761 5.94924289263 
1.49546565405 2.6078776949 1.47873489925 1.46724199899 
0.302877150751 0.321863814725 0.453279357325 0.321659226125 
0.201072872651 0.200791428292 0.231125939915 0.200397108267 
0.140151242783 0.139310189916 0.158912066542 0.140477274707 
0.0922537720842 0.0998522139017 0.0908945174601 0.0911548046893 
0.0476124825683 0.0515934684467 0.0600089060249 0.0525477903954 
0.024938990669 0.024911811875 0.0294768802334 0.0249020551288 
0.0197956994741 0.019493691395 0.0213199383499 0.0197956994741 
0.0179414955341 0.099282622509 0.0171129910163 0.119531863367 
0.597900819365 0.427966565507 0.504906489872 0.507514666825 
0.0643404143891 0.0690587206017 0.161167393014 0.06693155691 
0.0422234229187 0.0506911750066 0.0554094812192 0.049870007682 
0.00524312535376 0.00401626615598 0.0127884075917 0.00304434260833 
0.00173404086631 0.00295571504661 0.00172368454401 0.00171865372162 
0.000711014098471 0.000664405445363 0.000918912059667 0.000712688116194 
0.000391171331243 0.000476155139917 0.000397400791425 0.000398637355507 
0.000209536056411 0.000208313800275 0.000260969691128 0.000235885305363 
5.23639014167e-05 5.90490628839e-05 8.70904352503e-05 5.47057035458e-05 
1.13236374107e-05 1.1821776931e-05 3.24707040065e-05 1.94389087541e-05 
5.44744840847e-06 5.42665833237e-06 9.54486761963e-06 4.55831624031e-06 
6.61516018948e-07 9.30642629053e-07 2.48477391234e-06 7.28407451501e-07 
4.37722543041e-07 2.97561912468e-08 4.52838800933e-07 2.97561912469e-08 
0.0 0.0 0.0 0.0 
0.0 0.0 0.0 0.0 
0.0 0.0 0.0 0.0 
0.0 0.0 0.0 0.0 
0.0 0.0 0.0 0.0 
0.0 0.0 0.0 0.0 
0.0 0.0 0.0 0.0 
0.0 25.7725269751 10.1506462308 11.5408289538 
0.0 8.40823553893 13.2054208786 16.8181297968 
0.0884234646968 5.8899240113 0.0230323424697 3.90080154469 
0.401578559158 0.456747700013 0.447541890661 2.98677624294 
1.07647662608 2.00475220591 0.523230369123 1.74839264422 
0.445295899492 1.86794447833 0.454133364527 0.943701053649 
0.0 5.79477473817 0.377675203465 0.385382860679 
0.188764590728 4.81361360499 0.169111033043 0.16891675839 
0.190298079868 0.197783001161 0.0587189408805 0.204756718537 
0.0 0.0681817601532 0.0 0.0181882201709 
0.0 2.10416342146 0.0 0.0 
0.0 0.0 0.0 0.0 
0.0 0.0 0.0 0.0 
0.0 0.0 0.0 0.0 
0.0 0.0 0.0 0.0 
0.0 0.0 0.0 0.0 
0.0 0.0 0.0 0.0 
0.0 0.0 0.0 0.0 
0.0 0.0 0.0 0.0 
0.0 0.0 0.0 0.0 
0.0 0.0 0.0 0.0 
0.0 0.0 0.0 0.0 
0.0 0.0 0.0 0.0 
0.0 0.0 0.0 0.0 
0.0 0.0 0.0 0.0 
0.0 0.0 0.0 0.0 
0.0 0.0 0.0 0.0 
0.0 0.0 0.0 0.0 
